# HJD V-C s1
# VarAperture: 12.00 CmpAperture: 16.00 JD: heliocentric Unit: magnitude Filter: NoFilter
# VAR Name: var13 RA: 06:07:18.31 Dec: +28:07:25.6 Catalog: UCAC4 CatalogId: 591-028146 CatalogRA: 06:07:18.39 CatalogDec: +28:07:25.1 CatalogMag: 14.56 CatalogB-V: 0.56 CatalogJ-K: 0.33
# CMP0 Name: cmp057 RA: 06:06:32.26 Dec: +28:34:49.8 Catalog: UCAC4 CatalogId: 593-027974 CatalogRA: 06:06:32.27 CatalogDec: +28:34:50.4 CatalogMag: 12.52 CatalogB-V: 0.57 CatalogJ-K: 0.32
2458451.34299 1.9055 0.0110
2458451.34416 1.9043 0.0108
2458451.34537 1.9046 0.0107
2458451.34656 1.8925 0.0106
2458451.34775 1.9074 0.0107
2458451.34894 1.8863 0.0107
2458451.35013 1.8864 0.0106
2458451.35132 1.8891 0.0106
2458451.35251 1.9006 0.0107
2458451.35370 1.8936 0.0106
2458451.35489 1.8873 0.0105
2458451.35608 1.8856 0.0105
2458451.35726 1.8920 0.0106
2458451.35845 1.8830 0.0104
2458451.35964 1.8877 0.0105
2458451.36083 1.8870 0.0105
2458451.36202 1.8861 0.0103
2458451.36321 1.8838 0.0104
2458451.36440 1.8956 0.0105
2458451.36559 1.8764 0.0104
2458451.36678 1.8801 0.0104
2458451.36796 1.8783 0.0104
2458451.36915 1.8799 0.0104
2458451.37033 1.8840 0.0105
2458451.37151 1.8761 0.0105
2458451.37270 1.8920 0.0107
2458451.37388 1.8715 0.0105
2458451.37507 1.8859 0.0105
2458451.37625 1.8946 0.0106
2458451.37743 1.8736 0.0105
2458451.37862 1.8803 0.0106
2458451.37980 1.8855 0.0106
2458451.38099 1.8912 0.0106
2458451.38217 1.8860 0.0106
2458451.38335 1.8962 0.0107
2458451.38454 1.8747 0.0106
2458451.38573 1.8811 0.0106
2458451.38691 1.9016 0.0108
2458451.38810 1.8796 0.0106
2458451.38928 1.8965 0.0107
2458451.39047 1.8957 0.0107
2458451.39165 1.8909 0.0107
2458451.39284 1.8792 0.0105
2458451.39402 1.8858 0.0107
2458451.39520 1.8711 0.0105
2458451.39639 1.9039 0.0108
2458451.39757 1.8828 0.0105
2458451.39875 1.9003 0.0107
2458451.39994 1.8800 0.0105
2458451.40112 1.8906 0.0105
2458451.40230 1.8920 0.0107
2458451.40349 1.8906 0.0105
2458451.40467 1.8958 0.0106
2458451.40585 1.8938 0.0105
2458451.40703 1.8831 0.0105
2458451.40821 1.8875 0.0105
2458451.40940 1.9066 0.0106
2458451.41058 1.8913 0.0105
2458451.41176 1.9022 0.0107
2458451.41294 1.9056 0.0106
2458451.41412 1.8948 0.0105
2458451.41530 1.9016 0.0106
2458451.41649 1.8835 0.0104
2458451.41767 1.9023 0.0106
2458451.41885 1.8936 0.0105
2458451.42003 1.8992 0.0106
2458451.42121 1.9010 0.0106
2458451.42240 1.9073 0.0106
2458451.42358 1.9100 0.0106
2458451.42476 1.9255 0.0107
2458451.42595 1.8960 0.0105
2458451.42713 1.9014 0.0105
2458451.42832 1.8933 0.0105
2458451.42950 1.9117 0.0107
2458451.43068 1.8961 0.0104
2458451.43186 1.9018 0.0105
2458451.43304 1.9023 0.0105
2458451.43422 1.9156 0.0105
2458451.43540 1.9171 0.0105
2458451.43658 1.9036 0.0104
2458451.43777 1.9253 0.0105
2458451.43895 1.9011 0.0104
2458451.44013 1.9085 0.0105
2458451.44131 1.9123 0.0105
2458451.44249 1.9167 0.0105
2458451.44367 1.9320 0.0106
2458451.44485 1.9356 0.0106
2458451.44603 1.9343 0.0106
2458451.44720 1.9384 0.0106
2458451.44838 1.9380 0.0105
2458451.44956 1.9273 0.0105
2458451.45074 1.9325 0.0105
2458451.45192 1.9417 0.0106
2458451.45309 1.9504 0.0107
2458451.45427 1.9538 0.0107
2458451.45545 1.9536 0.0108
2458451.45662 1.9648 0.0107
2458451.45780 1.9718 0.0108
2458451.45898 1.9699 0.0108
2458451.46016 1.9843 0.0110
2458451.46134 1.9766 0.0108
2458451.46252 1.9759 0.0109
2458451.46370 1.9861 0.0110
2458451.46488 1.9845 0.0108
2458451.46606 1.9967 0.0109
2458451.46723 2.0057 0.0110
2458451.46841 2.0206 0.0111
2458451.46959 2.0172 0.0111
2458451.47077 2.0111 0.0110
2458451.47195 2.0279 0.0111
2458451.47313 2.0292 0.0112
2458451.47431 2.0119 0.0109
2458451.47549 2.0576 0.0114
2458451.47666 2.0477 0.0114
2458451.47784 2.0479 0.0114
2458451.47902 2.0512 0.0113
2458451.48019 2.0580 0.0113
2458451.48137 2.0709 0.0115
2458451.48255 2.0941 0.0117
2458451.48373 2.0788 0.0115
2458451.48491 2.0758 0.0115
2458451.48608 2.0840 0.0116
2458451.48726 2.0899 0.0116
2458451.48844 2.1007 0.0117
2458451.48962 2.1020 0.0117
2458451.49079 2.0989 0.0116
2458451.49198 2.1202 0.0119
2458451.49315 2.1184 0.0117
2458451.49433 2.1209 0.0117
2458451.49551 2.1224 0.0119
2458451.49669 2.1292 0.0119
2458451.49787 2.1476 0.0121
2458451.49905 2.1483 0.0120
2458451.50023 2.1404 0.0121
2458451.50140 2.1273 0.0118
2458451.50258 2.1348 0.0119
2458451.50376 2.1277 0.0119
2458451.50494 2.1283 0.0120
2458451.50612 2.1412 0.0120
2458451.50730 2.1331 0.0118
2458451.50847 2.1349 0.0120
2458451.50965 2.1340 0.0119
2458451.51083 2.1400 0.0120
2458451.51201 2.1150 0.0117
2458451.51318 2.1173 0.0119
2458451.51436 2.1052 0.0116
2458451.51554 2.1154 0.0118
2458451.51672 2.0960 0.0117
2458451.51790 2.1171 0.0117
2458451.51907 2.1002 0.0115
2458451.52025 2.1047 0.0116
2458451.52143 2.0692 0.0114
2458451.52261 2.0698 0.0114
2458451.52378 2.0844 0.0116
2458451.52497 2.0740 0.0113
2458451.52614 2.0572 0.0115
2458451.52732 2.0429 0.0112
2458451.52851 2.0645 0.0113
2458451.52968 2.0377 0.0113
2458451.53086 2.0423 0.0111
2458451.53204 2.0266 0.0109
2458451.53321 2.0172 0.0108
2458451.53439 2.0274 0.0110
2458451.53557 2.0121 0.0110
2458451.53675 2.0142 0.0110
2458451.53793 2.0113 0.0110
2458451.53911 2.0098 0.0109
2458451.54029 1.9996 0.0109
2458451.54146 1.9958 0.0110
2458451.54264 1.9898 0.0108
2458451.54382 1.9748 0.0106
2458451.54500 1.9798 0.0106
2458451.54618 1.9612 0.0106
2458451.54736 1.9546 0.0105
2458451.54854 1.9589 0.0105
2458451.54972 1.9562 0.0104
2458451.55090 1.9603 0.0105
2458451.55208 1.9399 0.0104
2458451.55325 1.9527 0.0106
2458451.55443 1.9455 0.0104
2458451.55561 1.9409 0.0104
2458451.55679 1.9272 0.0103
2458451.55797 1.9208 0.0102
2458451.55915 1.9176 0.0103
2458451.56033 1.9228 0.0102
2458451.56151 1.9228 0.0102
2458451.56269 1.9153 0.0103
2458451.56387 1.9057 0.0103
2458451.56505 1.9120 0.0102
2458451.56623 1.9035 0.0101
2458451.56741 1.9010 0.0102
2458451.56858 1.8954 0.0101
2458451.56976 1.9044 0.0102
2458451.57094 1.9170 0.0103
2458451.57212 1.9118 0.0102
2458451.57330 1.9020 0.0101
2458451.57448 1.8803 0.0100
2458451.57566 1.8971 0.0102
2458451.57684 1.8976 0.0102
2458451.57802 1.8902 0.0102
2458451.57920 1.8883 0.0102
2458451.58038 1.8986 0.0102
2458451.58156 1.8961 0.0102
2458451.58275 1.8975 0.0103
2458451.58392 1.8916 0.0103
2458451.58511 1.8942 0.0103
2458451.58629 1.8934 0.0102
2458451.58746 1.8900 0.0102
2458451.58864 1.8826 0.0101
2458451.58982 1.8815 0.0102
2458451.59101 1.8913 0.0102
2458451.59219 1.8940 0.0103
2458451.59337 1.8900 0.0102
2458451.59455 1.8896 0.0102
2458451.59573 1.8946 0.0103
2458451.59691 1.8841 0.0103
2458451.59809 1.9005 0.0104
2458451.59927 1.8892 0.0104
2458451.60917 1.8746 0.0104
2458451.61034 1.8752 0.0103
2458451.61153 1.8613 0.0102
2458451.61271 1.8763 0.0103
2458451.61390 1.8770 0.0105
2458451.61508 1.8916 0.0106
2458451.61627 1.8737 0.0104
2458451.61745 1.8852 0.0105
2458451.61864 1.8784 0.0106
2458451.61982 1.8783 0.0105
2458451.62100 1.8647 0.0105
2458451.62219 1.8738 0.0107
2458451.62337 1.8754 0.0107
2458451.62456 1.8816 0.0106
2458451.62574 1.8731 0.0107
2458451.62693 1.8682 0.0108
2458451.62812 1.8814 0.0107
2458451.62930 1.8745 0.0107
2458451.63049 1.8846 0.0109
2458451.63167 1.8774 0.0108
2458451.63286 1.8861 0.0110
2458451.63404 1.8709 0.0108
2458451.63522 1.8816 0.0108
2458451.63640 1.8760 0.0108
2458451.63759 1.8673 0.0108
2458451.63877 1.8975 0.0110
2458451.63996 1.8886 0.0111
2458451.64114 1.8715 0.0109
2458451.64233 1.8693 0.0109
2458451.64352 1.8890 0.0110
2458451.64470 1.8653 0.0108
2458451.64589 1.8866 0.0111
2458451.64706 1.8770 0.0110
2458451.64825 1.8842 0.0111
2458451.64944 1.8776 0.0111
2458451.65063 1.8814 0.0111
2458451.65181 1.8747 0.0112
2458451.65299 1.8940 0.0113
2458451.65418 1.8828 0.0113
2458451.65536 1.8873 0.0114
2458451.65655 1.8811 0.0114
2458451.65774 1.8670 0.0112
2458451.65892 1.8819 0.0115
2458451.66010 1.8870 0.0114
2458451.66129 1.8894 0.0116
2458451.66248 1.8772 0.0114
2458451.66366 1.8834 0.0116
2458451.66485 1.9019 0.0118
2458451.66603 1.8925 0.0117
2458451.66721 1.8907 0.0117
2458451.66840 1.8906 0.0117
2458451.66959 1.8848 0.0117
2458451.67077 1.8938 0.0118
2458451.67196 1.8805 0.0118
2458451.67315 1.8816 0.0119
2458451.67433 1.8950 0.0120
2458451.67552 1.8894 0.0120
2458451.67671 1.8947 0.0121
2458451.67789 1.8760 0.0119
2458451.67908 1.9117 0.0122
2458451.68027 1.9221 0.0124
2458451.68145 1.9057 0.0124
2458451.68264 1.9085 0.0125
2458451.68383 1.9092 0.0124
2458451.68502 1.9086 0.0124
2458451.68620 1.9095 0.0124
2458451.68739 1.9083 0.0125
2458451.68858 1.8997 0.0126
2458451.68977 1.9084 0.0127
2458451.69096 1.8995 0.0127
2458451.69215 1.9127 0.0129
2458451.69334 1.9081 0.0128
2458451.69453 1.9042 0.0128
2458451.69572 1.9002 0.0128
2458451.69691 1.9204 0.0130
2458451.69810 1.9120 0.0132
2458451.69929 1.9049 0.0132
2458451.70048 1.9186 0.0132
2458451.70166 1.9364 0.0136
2458451.70286 1.9460 0.0139
2458451.70405 1.9235 0.0139
2458451.70524 1.9320 0.0140
2458451.70644 1.9401 0.0141
2458451.70763 1.9368 0.0143
2458451.70883 1.9310 0.0145
2458451.71002 1.9218 0.0149
2458451.71122 1.9715 0.0158
2458451.71241 1.9410 0.0159
2458451.71361 1.9240 0.0164
2458451.71481 1.9406 0.0174
2458451.71601 1.9530 0.0185
